Time     CPU    %usr   %nice    %sys %iowait    %irq   %soft  %steal  %guest  %gnice   %idle
12:32:17     all   37.76    0.00   62.24    0.00    0.00    0.00    0.00    0.00    0.00    0.00
12:32:18     all   40.40    0.00   59.60    0.00    0.00    0.00    0.00    0.00    0.00    0.00
12:32:19     all   16.33    0.00   25.51    0.00    0.00    0.00    0.00    0.00    0.00   58.16
12:32:20     all   23.23    0.00   34.34    0.00    0.00    0.00    0.00    0.00    0.00   42.42
12:32:21     all   39.39    0.00   60.61    0.00    0.00    0.00    0.00    0.00    0.00    0.00
12:32:22     all   38.78    0.00   61.22    0.00    0.00    0.00    0.00    0.00    0.00    0.00
12:32:23     all    1.01    0.00    0.00    0.00    0.00    0.00    0.00    0.00    0.00   98.99
12:32:24     all   37.37    0.00   62.63    0.00    0.00    0.00    0.00    0.00    0.00    0.00
12:32:25     all   40.82    0.00   59.18    0.00    0.00    0.00    0.00    0.00    0.00    0.00
12:32:26     all   25.25    0.00   38.38    0.00    0.00    0.00    0.00    0.00    0.00   36.36
12:32:27     all   15.00    0.00   22.00    0.00    0.00    0.00    0.00    0.00    0.00   63.00
12:32:28     all   39.80    0.00   60.20    0.00    0.00    0.00    0.00    0.00    0.00    0.00
12:32:29     all   40.00    0.00   60.00    0.00    0.00    0.00    0.00    0.00    0.00    0.00
12:32:30     all    9.18    0.00   11.22    0.00    0.00    0.00    0.00    0.00    0.00   79.59
12:32:31     all   30.30    0.00   48.48    2.02    0.00    0.00    0.00    0.00    0.00   19.19
12:32:32     all   36.36    0.00   63.64    0.00    0.00    0.00    0.00    0.00    0.00    0.00
12:32:33     all   30.61    0.00   50.00    0.00    0.00    0.00    0.00    0.00    0.00   19.39
12:32:34     all    7.14    0.00   12.24    0.00    0.00    0.00    0.00    0.00    0.00   80.61
12:32:35     all   37.37    0.00   62.63    0.00    0.00    0.00    0.00    0.00    0.00    0.00
12:32:36     all   40.00    0.00   60.00    0.00    0.00    0.00    0.00    0.00    0.00    0.00
12:32:37     all   13.27    0.00   25.51    0.00    0.00    0.00    0.00    0.00    0.00   61.22
12:32:38     all   24.24    0.00   36.36    0.00    0.00    0.00    0.00    0.00    0.00   39.39
12:32:39     all   39.00    0.00   60.00    0.00    0.00    1.00    0.00    0.00    0.00    0.00
12:32:40     all   35.00    0.00   63.00    0.00    0.00    0.00    0.00    0.00    0.00    2.00
12:32:41     all    1.01    0.00    1.01   12.12    0.00    0.00    0.00    0.00    0.00   85.86
12:32:42     all   37.37    0.00   62.63    0.00    0.00    0.00    0.00    0.00    0.00    0.00
12:32:43     all   39.80    0.00   60.20    0.00    0.00    0.00    0.00    0.00    0.00    0.00
12:32:44     all   22.45    0.00   37.76    0.00    0.00    0.00    0.00    0.00    0.00   39.80
12:32:45     all   15.15    0.00   24.24    0.00    0.00    0.00    0.00    0.00    0.00   60.61
12:32:46     all   38.78    0.00   61.22    0.00    0.00    0.00    0.00    0.00    0.00    0.00
12:32:47     all   37.76    0.00   62.24    0.00    0.00    0.00    0.00    0.00    0.00    0.00
12:32:48     all    8.00    0.00   12.00    0.00    0.00    0.00    0.00    0.00    0.00   80.00
12:32:49     all   34.69    0.00   46.94    0.00    0.00    0.00    0.00    0.00    0.00   18.37
12:32:50     all   38.38    0.00   61.62    0.00    0.00    0.00    0.00    0.00    0.00    0.00
12:32:51     all   29.59    0.00   47.96    0.00    0.00    0.00    0.00    0.00    0.00   22.45
12:32:52     all    8.00    0.00   15.00    0.00    0.00    0.00    0.00    0.00    0.00   77.00
12:32:53     all   39.80    0.00   60.20    0.00    0.00    0.00    0.00    0.00    0.00    0.00
12:32:54     all   39.39    0.00   60.61    0.00    0.00    0.00    0.00    0.00    0.00    0.00
12:32:55     all   13.00    0.00   25.00    0.00    0.00    1.00    0.00    0.00    0.00   61.00
12:32:56     all   22.22    0.00   39.39    7.07    0.00    0.00    0.00    0.00    0.00   31.31
12:32:57     all   40.82    0.00   59.18    0.00    0.00    0.00    0.00    0.00    0.00    0.00
12:32:58     all   38.00    0.00   58.00    0.00    0.00    0.00    0.00    0.00    0.00    4.00
12:32:59     all    1.02    0.00    2.04    0.00    0.00    0.00    0.00    0.00    0.00   96.94
12:33:00     all   40.00    0.00   60.00    0.00    0.00    0.00    0.00    0.00    0.00    0.00
12:33:01     all   37.76    0.00   62.24    0.00    0.00    0.00    0.00    0.00    0.00    0.00
12:33:02     all   20.00    0.00   36.00    0.00    0.00    0.00    0.00    0.00    0.00   44.00
12:33:03     all   16.00    0.00   28.00    0.00    0.00    0.00    0.00    0.00    0.00   56.00
12:33:04     all   39.80    0.00   60.20    0.00    0.00    0.00    0.00    0.00    0.00    0.00
12:33:05     all   39.39    0.00   60.61    0.00    0.00    0.00    0.00    0.00    0.00    0.00
12:33:06     all    6.12    0.00    8.16    0.00    0.00    0.00    0.00    0.00    0.00   85.71
12:33:07     all   34.34    0.00   51.52    0.00    0.00    0.00    0.00    0.00    0.00   14.14
12:33:08     all   37.76    0.00   62.24    0.00    0.00    0.00    0.00    0.00    0.00    0.00
12:33:09     all   28.28    0.00   44.44    0.00    0.00    0.00    0.00    0.00    0.00   27.27
12:33:10     all   11.11    0.00   16.16    0.00    0.00    0.00    0.00    0.00    0.00   72.73
12:33:11     all   39.80    0.00   60.20    0.00    0.00    0.00    0.00    0.00    0.00    0.00
12:33:12     all   38.78    0.00   61.22    0.00    0.00    0.00    0.00    0.00    0.00    0.00
12:33:13     all   11.88    0.00   20.79    0.00    0.00    0.99    0.00    0.00    0.00   66.34
12:33:14     all   25.00    0.00   42.00    0.00    0.00    0.00    0.00    0.00    0.00   33.00
12:33:15     all   39.80    0.00   60.20    0.00    0.00    0.00    0.00    0.00    0.00    0.00
12:33:16     all   36.36    0.00   55.56    0.00    0.00    0.00    0.00    0.00    0.00    8.08
12:33:17     all    3.06    0.00    5.10    0.00    0.00    0.00    0.00    0.00    0.00   91.84
12:33:18     all   37.76    0.00   62.24    0.00    0.00    0.00    0.00    0.00    0.00    0.00
12:33:19     all   38.00    0.00   62.00    0.00    0.00    0.00    0.00    0.00    0.00    0.00
12:33:20     all   20.20    0.00   29.29    0.00    0.00    0.00    0.00    0.00    0.00   50.51
12:33:21     all   17.35    0.00   32.65    2.04    0.00    0.00    0.00    0.00    0.00   47.96
12:33:22     all   40.40    0.00   59.60    0.00    0.00    0.00    0.00    0.00    0.00    0.00
12:33:23     all   41.84    0.00   58.16    0.00    0.00    0.00    0.00    0.00    0.00    0.00
12:33:24     all   35.05    0.00   17.53    0.00    0.00    0.00    0.00    0.00    0.00   47.42
12:33:25     all   24.24    0.00   32.32    0.00    0.00    0.00    0.00    0.00    0.00   43.43
12:33:26     all   40.82    0.00   59.18    0.00    0.00    0.00    0.00    0.00    0.00    0.00
12:33:27     all   42.86    0.00   57.14    0.00    0.00    0.00    0.00    0.00    0.00    0.00
12:33:28     all   19.39    0.00   15.31    0.00    0.00    1.02    0.00    0.00    0.00   64.29
12:33:29     all   29.29    0.00   44.44    0.00    0.00    0.00    0.00    0.00    0.00   26.26
12:33:30     all   37.37    0.00   62.63    0.00    0.00    0.00    0.00    0.00    0.00    0.00
12:33:31     all   37.76    0.00   62.24    0.00    0.00    0.00    0.00    0.00    0.00    0.00
12:33:32     all   17.35    0.00   29.59    0.00    0.00    0.00    0.00    0.00    0.00   53.06
12:33:33     all   20.00    0.00   37.00    0.00    0.00    0.00    0.00    0.00    0.00   43.00
12:33:34     all   37.76    0.00   62.24    0.00    0.00    0.00    0.00    0.00    0.00    0.00
12:33:35     all   39.39    0.00   60.61    0.00    0.00    0.00    0.00    0.00    0.00    0.00
12:33:36     all   47.96    0.00   52.04    0.00    0.00    0.00    0.00    0.00    0.00    0.00
12:33:37     all   38.54    0.00    9.38    0.00    0.00    0.00    0.00    0.00    0.00   52.08
12:33:38     all   46.94    0.00   39.80    0.00    0.00    0.00    0.00    0.00    0.00   13.27
12:33:39     all   53.06    0.00   46.94    0.00    0.00    0.00    0.00    0.00    0.00    0.00
12:33:40     all   50.00    0.00   50.00    0.00    0.00    0.00    0.00    0.00    0.00    0.00
12:33:41     all   51.55    0.00   48.45    0.00    0.00    0.00    0.00    0.00    0.00    0.00
12:33:42     all   47.47    0.00   52.53    0.00    0.00    0.00    0.00    0.00    0.00    0.00
12:33:43     all   20.20    0.00    9.09    0.00    0.00    0.00    0.00    0.00    0.00   70.71
12:33:44     all   34.34    0.00   52.53    0.00    0.00    0.00    0.00    0.00    0.00   13.13
12:33:45     all   36.36    0.00   63.64    0.00    0.00    0.00    0.00    0.00    0.00    0.00
12:33:46     all   33.67    0.00   66.33    0.00    0.00    0.00    0.00    0.00    0.00    0.00
12:33:47     all   23.47    0.00   33.67    0.00    0.00    0.00    0.00    0.00    0.00   42.86
12:33:48     all   18.00    0.00   27.00    0.00    0.00    0.00    0.00    0.00    0.00   55.00
12:33:49     all   36.36    0.00   63.64    0.00    0.00    0.00    0.00    0.00    0.00    0.00
12:33:50     all   34.34    0.00   65.66    0.00    0.00    0.00    0.00    0.00    0.00    0.00
12:33:51     all   28.28    0.00   57.58    0.00    0.00    0.00    0.00    0.00    0.00   14.14
12:33:52     all    7.14    0.00    8.16    0.00    0.00    0.00    0.00    0.00    0.00   84.69
12:33:53     all   33.00    0.00   67.00    0.00    0.00    0.00    0.00    0.00    0.00    0.00
12:33:54     all   33.67    0.00   66.33    0.00    0.00    0.00    0.00    0.00    0.00    0.00
12:33:55     all   34.69    0.00   65.31    0.00    0.00    0.00    0.00    0.00    0.00    0.00
12:33:56     all    4.00    0.00    7.00    0.00    0.00    0.00    0.00    0.00    0.00   89.00
12:33:57     all   33.00    0.00   58.00    0.00    0.00    0.00    0.00    0.00    0.00    9.00
12:33:58     all   34.69    0.00   65.31    0.00    0.00    0.00    0.00    0.00    0.00    0.00
12:33:59     all   35.35    0.00   63.64    0.00    0.00    1.01    0.00    0.00    0.00    0.00
12:34:00     all   15.15    0.00   22.22    0.00    0.00    0.00    0.00    0.00    0.00   62.63
12:34:01     all   22.22    0.00   42.42    0.00    0.00    0.00    0.00    0.00    0.00   35.35
12:34:02     all   33.33    0.00   66.67    0.00    0.00    0.00    0.00    0.00    0.00    0.00
12:34:03     all   36.36    0.00   63.64    0.00    0.00    0.00    0.00    0.00    0.00    0.00
12:34:04     all   19.39    0.00   40.82    0.00    0.00    0.00    0.00    0.00    0.00   39.80
12:34:05     all   16.16    0.00   26.26    3.03    0.00    0.00    0.00    0.00    0.00   54.55
12:34:06     all   33.33    0.00   66.67    0.00    0.00    0.00    0.00    0.00    0.00    0.00
12:34:07     all   36.73    0.00   63.27    0.00    0.00    0.00    0.00    0.00    0.00    0.00
12:34:08     all   30.00    0.00   52.00    0.00    0.00    0.00    0.00    0.00    0.00   18.00
12:34:09     all    8.08    0.00   12.12    0.00    0.00    0.00    0.00    0.00    0.00   79.80
12:34:10     all   31.63    0.00   68.37    0.00    0.00    0.00    0.00    0.00    0.00    0.00
12:34:11     all   35.35    0.00   64.65    0.00    0.00    0.00    0.00    0.00    0.00    0.00
12:34:12     all   37.76    0.00   62.24    0.00    0.00    0.00    0.00    0.00    0.00    0.00
12:34:13     all    3.96    0.00    3.96    0.00    0.00    0.00    0.00    0.00    0.00   92.08
12:34:14     all   31.31    0.00   62.63    0.00    0.00    1.01    0.00    0.00    0.00    5.05
12:34:15     all   33.33    0.00   66.67    0.00    0.00    0.00    0.00    0.00    0.00    0.00
12:34:16     all   34.69    0.00   65.31    0.00    0.00    0.00    0.00    0.00    0.00    0.00
Average:     all   29.64    0.00   46.02    0.22    0.00    0.05    0.00    0.00    0.00   24.07
